.05 .1 .05 .1 .15 .08 .05 1200 0.01 0.01 0.1 -1e+06 -999993 -999993 -1e+06 -999996 -999996 -1e+06 -999993 -1e+06 -1e+06 -999996 -999996 2.36779e+06 4.27701e+07 2.12736e+07 2.16232e+07 2.02275e+06 191592 2.22724e+07 4.27701e+07 1.20829e+07 1.5745e+08 2.69467e+07 2.65471e+07 .1 7
0.027 0.1 0.027 0.1 0.15 0.08 0.05 1200 0.01 0.01 0.1 -1e+06 -999997 -999997 -1e+06 -999997 -999996 -1e+06 -999997 -999992 -1e+06 -999992 -999992 -715044 934336 337077 298694 625297 -669592 -459053 934336 -14957.9 88156.9 109723 -752418 .1 3
0.027 0.088 0.027 0.088 0.15 0.08 0.05 1200 0.01 0.01 0.1 -1e+06 -999997 -999998 -1e+06 -999996 -999996 -1e+06 -999997 -999998 -1e+06 -999996 -999996 2.12384e+06 156162 2.04367e+06 981350 4.90859e+06 1.01528e+06 388397 156162 2.26358e+06 2.00508e+07 1.3049e+07 3.07782e+06 .1 3
0.019 0.102 0.019 0.102 0.15 0.08 0.05 1200.01 0.01 0.018 0.1 -1e+06 -999993 -999993 -1e+06 -999996 -999996 -1e+06 -999993 -999999 -1e+06 -999994 -999994 -443536 46236.5 66644.8 -67674.2 -130564 1.21074e+06 -847401 46236.5 1.64649e+06 1.29555e+06 6.37523e+06 1.40822e+06 .1 3
0.019 0.102 0.019 0.102 0.15 0.08 0.05 1200.01 0.026 0.034 0.1 -1e+06 -999994 -999994 -1e+06 -999996 -999996 -1e+06 -999994 -999997 -1e+06 -999998 -999998 9.31624e+06 1.43237e+07 1.12986e+07 8.63782e+06 1.20009e+08 5.65687e+07 2.32601e+06 1.43237e+07 -714588 4.54105e+06 -227651 -267654 .1 4
0.019 0.102 0.019 0.102 0.167 0.073 0.063 1200.01 0.026 0.034 0.1 -1e+06 -999994 -999994 -1e+06 -999996 -999996 -1e+06 -999994 -999994 -1e+06 -999995 -999995 -984743 228749 -102566 -592534 85698.2 -275913 -987268 228749 -914928 -683697 -842124 -933247 .1 4
0.032 0.102 0.033 0.102 0.167 0.073 0.063 1200.01 0.026 0.034 0.1 -1e+06 -1e+06 -999999 -1e+06 -999992 -999992 -1e+06 -1e+06 -999998 -1e+06 -999993 -999993 1.75164e+07 703282 92713 1.01201e+07 1.98677e+07 9.13164e+06 1.79236e+06 703282 1.87231e+06 1.61512e+06 -171159 -490908 .1 12
0.007 0.102 0.006 0.102 0.167 0.073 0.063 1200.01 0.026 0.034 0.1 -1e+06 -999990 -999990 -1e+06 -999992 -999992 -1e+06 -999990 -999996 -1e+06 -999994 -999994 5.43336e+06 5.52311e+06 1.70934e+07 6.32639e+07 6.80559e+07 5.02036e+07 2.56766e+07 5.52311e+06 1.9058e+07 1.92936e+07 3.00398e+07 6.32014e+06 .1 8
0.049 0.102 0.048 0.102 0.167 0.073 0.063 1200.01 0.026 0.034 0.1 -1e+06 -999999 -999999 -1e+06 -999999 -999999 -1e+06 -999999 -999997 -1e+06 -999993 -999993 -955413 -843620 -996699 -883272 -663234 -650637 -979412 -843620 -809256 6.95132e+06 3.52583e+06 1.40622e+06 .1 8
0.049 0.102 0.048 0.102 0.167 0.073 0.063 1200.01 0.026 0.046 0.1 -1e+06 -999997 -999997 -1e+06 -999995 -999995 -1e+06 -999997 -999999 -1e+06 -999995 -999995 2.54345e+06 2.33208e+06 762664 -853731 -895293 -580625 -363506 2.33208e+06 -346486 -801476 4.00021e+06 1.05479e+06 .1 4
0.049 0.102 0.048 0.102 0.167 0.073 0.063 1199.98 0.026 0.046 0.1 -1e+06 -999993 -999993 -1e+06 -999994 -999994 -1e+06 -999993 -999995 -1e+06 -999994 -999994 4.33327e+06 2.33397e+07 1.22549e+07 2.15604e+07 1.97479e+06 32791.3 2.52057e+06 2.33397e+07 7.53519e+06 4.12354e+06 1.18658e+07 7.0022e+06 .1 32
0.049 0.102 0.048 0.102 0.167 0.073 0.063 1199.96 0.026 0.046 0.1 -1e+06 -999999 -999999 -1e+06 -999999 -999999 -1e+06 -999999 -999999 -1e+06 -999999 -999999 2.78808e+06 -569691 -805785 -111786 -791302 -759404 -247279 -569691 -978239 -945931 -997066 -793999 .1 56
0.049 0.102 0.048 0.102 0.167 0.073 0.063 1199.94 0.026 0.049 0.1 -1e+06 -1e+06 -999999 -1e+06 -999992 -999992 -1e+06 -1e+06 -1e+06 -1e+06 -1e+06 -1e+06 5.25389e+06 3.72268e+06 9.63728e+06 2.98408e+06 5.21207e+06 2.56666e+06 933814 3.72268e+06 1.98885e+06 1.71851e+07 1.62661e+07 8.67767e+06 .1 4
0.049 0.102 0.048 0.102 0.167 0.073 0.063 1199.95 0.026 0.049 0.1 -1e+06 -999999 -999999 -1e+06 -999992 -999992 -1e+06 -999999 -999998 -1e+06 -999993 -999993 5.36399e+06 3.73744e+06 9.60058e+06 2.96712e+06 5.20794e+06 2.56236e+06 949497 3.73744e+06 1.95848e+06 1.73063e+07 1.61723e+07 8.62327e+06 .1 4
0.049 0.102 0.048 0.102 0.167 0.073 0.063 1199.97 0.026 0.047 0.1 -1e+06 -999991 -999991 -1e+06 -1e+06 -1e+06 -1e+06 -999991 -999997 -1e+06 -999999 -999999 7.17451e+06 4.48604e+06 2.09372e+06 1.30929e+06 762906 -142337 5.75483e+06 4.48604e+06 -583927 -669624 -224941 -839941 .1 4
